52
44
64
32
25
46
35
43
18
57
56
22
50
34
79
38
39
0
15
15
37
23
23
71
44
47
58
20
49
59
27
17
11
60
53
49
134
61
15
10
18
40
36
16
55
35
26
28
71
42
62
56
24
25
31
79
11
36
30
11
1
23
43
77
43
165
35
60
46
18
2
8
14
38
126
76
0
64
39
14
79
0
38
18
22
37
82
50
52
36
28
59
16
58
59
39
106
5
77
72
23
12
59
50
52
57
75
0
34
78
39
19
54
36
18
4
48
52
59
119
43
72
15
29
9
29
41
4
100
65
46
9
23
53
27
59
71
27
5
16
28
13
27
6
32
44
10
164
14
50
43
63
94
27
13
16
21
42
5
66
42
27
94
28
32
40
12
30
60
117
27
39
59
19
23
99
35
66
13
9
33
12
74
31
25
44
5
71
114
33
54
17
0
43
70
46
6
43
14
22
43
17
45
0
45
54
10
31
102
59
59
47
36
119
16
37
3
0
20
35
48
52
30
59
9
0
94
0
63
36
53
75
43
10
64
64
30
73
30
60
23
59
8
35
23
26
26
83
17
30
77
19
39
44
66
45
13
87
9
55
43
39
0
27
40
56
114
25
43
28
20
39
26
48
87
33
50
6
13
56
24
16
34
14
49
56
42
3
24
57
13
67
21
4
48
20
13
9
105
35
45
25
2
9
64
30
28
71
37
48
16
0
14
21
104
71
28
31
0
19
68
22
5
19
1
41
20
9
37
44
32
62
67
64
47
70
60
26
52
62
4
45
53
55
48
46
47
40
19
33
70
20
76
29
68
64
52
31
32
15
58
76
15
25
12
45
69
70
26
33
35
26
35
77
39
93
36
24
21
90
51
15
73
70
45
25
22
21
70
50
0
39
8
29
34
25
65
32
75
33
37
31
70
48
9
33
48
38
27
76
58
60
20
35
45
47
7
25
22
51
34
65
38
39
49
43
52
32
48
49
42
44
36
20
42
43
0
19
53
26
1
33
4
78
49
27
66
80
32
30
25
65
80
43
97
7
104
51
16
55
40
75
77
68
27
3
132
66
53
3
37
47
24
22
