2.172e+08
2.172e+07
2.172e+07
1.4118e+07
1.086e+06
8.688e+07
4.344e+07
3.258e+06
5.973e+07
1.629e+07
6.516e+06
1.3575e+08
1.629e+07
1.3575e+07
4.0182e+07
1.629e+07
2.172e+07
2.172e+07
2.715e+07
9.774e+06
7.4934e+07
1.086e+07
1.629e+07
7.059e+07
6.516e+07
8.688e+07
8.688e+07
7.602e+06
3.3666e+07
2.6064e+07
2.715e+07
1.5204e+07
3.258e+06
5.6472e+07
1.629e+08
3.801e+07
8.145e+06
3.4752e+07
3.4752e+06
6.516e+06
1.086e+08
8.688e+07
5.43e+07
1.086e+06
3.9096e+07
1.3032e+08
1.7919e+08
1.7376e+08
2.172e+08
5.1042e+07
5.43e+06
3.801e+06
1.4118e+07
8.145e+07
1.2706e+08
1.9548e+06
2.172e+07
2.0634e+07
2.8236e+07
2.172e+07
3.801e+06
3.258e+07
2.715e+06
1.086e+08
2.715e+07
1.1403e+07
5.43e+07
1.4118e+08
2.3892e+07
4.344e+07
5.24e+06
2.715e+07
1.629e+07
3.801e+07
1.9548e+06
1.5204e+07
3.258e+06
8.688e+06
4.344e+07
1.629e+07
6.2988e+07
1.7376e+07
3.4752e+07
4.887e+06
1.086e+07
1.1946e+08
2.172e+07
3.801e+07
1.086e+08
1.7919e+08
8.688e+07
1.086e+07
4.344e+07
1.629e+07
8.688e+06
2.8236e+07
3.0408e+07
3.258e+07
2.3892e+07
2.0634e+07
2.8236e+08
2.172e+07
5.2128e+07
4.0182e+07
1.086e+08
2.172e+08
4.1268e+07
2.172e+07
2.172e+07
2.3892e+07
1.9548e+07
2.9428e+07
5.276e+07
5.255e+06
4.204e+07
1.7867e+07
2.2071e+07
3.3632e+06
1.051e+07
4.3091e+07
3.4158e+07
2.6275e+07
2.102e+08
4.204e+07
7.357e+07
2.6275e+07
6.306e+07
2.102e+06
2.102e+07
2.102e+07
7.357e+07
4.204e+06
3.8887e+07
5.7805e+07
1.5765e+07
5.255e+07
5.255e+06
4.204e+07
2.5224e+07
3.6785e+07
3.153e+07
1.1561e+07
6.306e+06
1.5765e+06
1.2612e+08
2.102e+08
3.153e+07
1.3663e+08
2.6275e+07
7.357e+06
6.6213e+07
3.6785e+07
1.7867e+08
1.3138e+07
7.8825e+07
4.204e+07
1.5765e+06
8.3029e+07
2.102e+07
6.9366e+06
8.408e+07
3.6785e+07
1.5765e+08
2.6275e+05
2.8377e+07
4.204e+07
2.9428e+07
1.4714e+07
3.6785e+06
1.5765e+08
4.204e+07
1.7867e+07
5.255e+07
2.102e+07
4.7295e+07
4.204e+06
2.6275e+07
5.255e+06
5.255e+06
4.204e+07
6.306e+07
8.408e+06
1.3663e+08
1.1561e+08
4.4142e+07
4.204e+06
9.459e+07
9.7743e+07
3.8887e+07
1.6816e+07
4.7295e+07
4.204e+07
4.204e+07
2.6275e+07
1.1561e+08
6.306e+06
3.6785e+07
1.5765e+07
1.8918e+07
2.9428e+07
2.6275e+07
8.6182e+07
2.6275e+06
5.255e+07
5.255e+06
1.5765e+07
1.5765e+08
7.8825e+07
7.8825e+07
3.3632e+07
3.6785e+07
2.6275e+07
3.9938e+07
3.153e+07
5.2445e+07
4.3302e+07
2.5775e+06
1.2372e+07
3.6085e+07
5.155e+07
1.2372e+07
4.588e+07
3.093e+06
3.093e+06
2.1548e+08
1.8558e+06
5.155e+06
4.124e+07
5.155e+05
1.9074e+08
2.062e+05
6.186e+06
2.062e+07
1.2372e+07
1.0516e+08
2.7837e+05
2.5775e+07
1.031e+07
1.3403e+07
1.031e+08
1.2372e+07
1.8558e+06
5.155e+05
1.031e+08
7.217e+06
9.6914e+07
3.1961e+07
4.0209e+07
1.4434e+07
5.155e+06
2.5775e+07
4.124e+07
1.031e+07
2.062e+06
3.093e+07
8.7635e+07
7.1139e+06
8.0418e+07
2.7187e+08
2.5775e+07
1.1341e+07
2.6806e+07
1.2372e+08
6.7015e+07
2.062e+07
3.093e+07
7.217e+07
2.5775e+07
7.217e+06
4.3302e+07
1.5465e+07
3.2992e+07
2.3198e+08
8.7635e+07
1.6496e+07
4.124e+07
1.2372e+07
5.155e+06
6.186e+07
2.5775e+07
2.6806e+07
1.3403e+07
5.155e+06
1.7527e+07
1.4434e+07
3.6085e+07
2.062e+06
1.2372e+07
1.3403e+08
2.6806e+07
6.7015e+07
5.9798e+07
1.495e+08
7.7325e+07
8.7635e+07
7.7325e+05
4.6395e+07
1.031e+07
1.031e+06
2.1651e+07
3.093e+06
5.155e+05
1.7527e+07
3.4023e+07
3.6085e+07
5.155e+07
1.2372e+07
3.6085e+07
6.7015e+07
4.124e+07
2.062e+08
1.2888e+08
5.155e+06
3.093e+07
7.0108e+07
6.186e+06
1.5465e+08
2.032e+07
1.016e+06
4.064e+07
1.778e+08
1.3208e+07
1.3208e+08
2.032e+06
7.112e+06
4.064e+07
2.032e+07
6.096e+07
5.08e+05
1.8288e+07
3.556e+07
5.588e+07
5.588e+07
3.048e+07
7.7216e+07
1.016e+07
6.096e+06
1.016e+08
4.064e+07
5.08e+07
1.7272e+07
5.588e+07
1.524e+08
6.096e+07
1.8288e+07
1.016e+08
8.128e+07
2.3368e+07
1.2192e+06
2.2352e+07
3.556e+07
1.1176e+07
2.032e+08
1.9812e+08
4.064e+06
2.8448e+07
1.2192e+07
1.016e+07
4.064e+07
2.286e+08
2.032e+08
6.096e+06
2.9464e+06
7.62e+07
3.048e+06
7.112e+07
2.2352e+07
2.1844e+08
2.032e+07
3.556e+07
5.08e+06
1.016e+07
5.08e+07
7.366e+05
4.6736e+07
8.5344e+07
5.08e+06
3.8608e+07
3.048e+07
7.62e+06
2.032e+07
3.048e+07
1.524e+07
5.08e+06
1.524e+07
1.9304e+08
1.2192e+07
1.016e+07
3.2512e+07
1.3716e+08
66040
50800
8.128e+07
3.556e+07
8.636e+07
1.524e+08
1.9304e+08
7e+07
4.2e+07
2.5e+07
1.8e+07
8e+06
7e+07
1.25e+07
2e+07
1e+08
2.8e+07
6e+06
2.2e+07
5e+06
6.6e+07
2e+05
8.5e+07
5e+07
1.25e+08
3.5e+07
2.7e+07
5e+06
1.03e+08
1.2e+07
3.5e+06
1e+08
4e+06
2.8e+07
4e+07
2e+06
1.8e+07
1.6e+08
2.5e+07
4e+07
1.8e+08
4e+07
1.78e+08
1.2e+07
5e+07
1.45e+08
4e+06
4e+07
2.4e+07
3e+07
1.3e+07
2e+07
4e+06
1.7e+08
4e+07
6e+06
3e+07
1e+08
1.7e+08
5e+07
1.25e+08
9e+07
2.5e+07
1.1e+07
3.6e+07
3.4e+07
6e+07
5.5e+07
6.5e+06
6.1e+07
2e+07
1.6e+07
5e+07
6.8e+07
8.5e+06
5e+06
1.65e+08
1.65e+08
3.5e+07
2e+07
6.5e+07
1e+07
5e+07
6.5e+07
