108
88
105
108
112
118
110
95
119
108
104
106
104
107
107
117
101
98
108
90
95
80
94
95
133
117
103
108
106
98
116
90
93
92
102
92
100
102
90
99
115
102
129
89
101
121
98
148
124
81
96
106
109
100
109
87
107
100
100
116
110
105
100
98
97
105
87
95
105
107
125
107
103
133
91
103
91
94
107
103
111
113
111
95
106
100
90
123
146
93
138
97
120
90
97
104
94
107
105
101
100
110
101
125
103
103
110
82
105
98
90
83
106
86
110
86
91
105
98
100
125
80
106
108
113
122
106
129
113
115
111
90
113
92
100
104
97
92
113
109
106
92
91
90
119
114
111
100
146
106
95
98
126
101
110
109
103
91
91
112
117
116
91
90
105
118
103
150
107
88
93
94
133
109
103
105
108
90
83
104
87
104
90
127
100
88
96
105
114
91
120
111
95
90
103
104
112
90
106
93
110
110
96
112
121
109
115
110
104
139
91
140
120
63
102
109
98
110
101
113
107
120
90
87
131
93
99
107
92
93
94
84
116
84
172
90
109
95
105
113
95
85
87
165
109
100
138
87
86
93
117
95
99
100
100
91
101
142
132
118
102
116
127
150
95
119
86
101
110
102
95
144
106
106
94
91
88
88
92
105
125
102
83
112
92
91
92
88
124
110
93
125
97
123
115
86
131
101
95
122
110
81
116
99
96
106
122
134
97
91
194
118
118
104
102
102
99
134
91
128
118
107
100
89
103
138
110
124
119
98
109
92
134
100
98
115
90
102
89
115
91
91
102
113
90
91
101
126
113
100
111
104
130
114
117
105
98
93
121
143
104
94
86
115
120
119
116
130
105
118
112
98
91
94
153
116
89
119
91
83
86
106
112
94
95
132
99
92
107
96
100
96
87
98
104
131
116
99
85
99
111
94
118
100
104
117
117
90
138
91
132
88
139
107
138
109
110
104
101
99
86
119
93
90
109
91
97
123
124
117
97
116
113
126
112
102
97
134
106
118
91
97
165
130
94
106
94
98
121
89
101
126
97
107
107
113
96
132
99
149
110
110
141
134
117
89
169
102
109
148
118
106
125
137
