3728
2625
2823
18
4
3111
3074
11
3037
7
2
3777
106
11
3150
2
2
2523
2969
260
3476
2809
3077
3355
3082
3066
3270
2
2545
2454
2503
45
20
2722
1
2997
4
3030
9
8
3003
3534
6
3
2754
2483
4055
3792
4380
2825
193
7
1
2859
3098
2874
2673
1
2476
2021
897
2968
25
3536
2936
2670
3213
3944
252
2518
4
2572
4
2564
165
1605
3216
2
2699
2719
3255
2212
2521
2
244
3612
2808
3072
3445
4359
2991
2880
2771
4
7
2450
2924
2435
6
2012
3603
5
3344
2861
2756
4028
3047
3233
2548
6
1873
2888
2840
3328
3276
1952
22
5
4
2150
2918
5
4115
2614
3015
707
3222
1161
1826
29
2940
9
3507
2661
2886
2290
218
3155
3549
2926
3114
484
2
18
3584
3
2535
3606
2534
42
3579
3040
1277
2199
3112
3122
2408
3438
2524
2035
3548
2986
3925
4
2756
2707
2541
2
56
3117
2703
6
2993
2
3440
32
3018
2555
3321
2802
2864
2730
3952
3440
3030
1
3827
3648
2985
2534
2272
3305
2816
2806
3395
24
2904
11
2214
2961
2408
3033
11
3379
3
840
3955
3017
3367
4
10
1869
2817
2405
2769
3121
3
12
2339
3192
197
3232
2
47
3690
4
3
2047
2
4164
1
382
2002
2907
2008
1
2863
2
55
3755
11
47
2
3010
2730
2904
1884
3005
3014
322
3185
2431
200
2870
2361
3349
3083
4137
3749
2735
3
2888
2927
1775
2308
2992
3728
3155
2930
2998
1868
5
4248
3603
4
2737
2160
3412
3429
3367
1
4
86
335
2816
2255
1
3055
3396
2203
2725
2512
3653
3470
3119
9
2628
1625
4
16
2527
4
2244
2567
141
3239
2015
2913
3189
1890
2674
3601
50
2958
3168
2801
294
19
3
3003
2689
2160
3401
110
11
6
2008
2950
3
6
2620
2404
3020
3157
3997
15
2422
3882
3288
2883
3025
3736
1
3103
2130
3575
3491
6
381
2570
3141
4
4253
3525
48
3065
37
118
2
4207
4004
2023
53
2925
583
3098
2101
3912
2925
2224
15
1118
3702
14
3260
3016
17
3117
3026
126
3402
2605
2511
3
659
3868
7
2654
3055
3806
41
1
3231
3009
3152
3222
3607
2104
3427
2663
2584
2809
3083
2253
2800
3372
2872
18
3260
61
3115
2
3936
3194
3567
2486
2781
2648
3948
2417
2310
3455
45
2647
3205
13
3279
3952
3019
3555
3948
3158
3490
3173
3306
4253
120
2905
2225
3049
3230
3465
771
3967
3062
68
1762
3595
4080
3434
3845
3221
3003
2907
3656
3604
3464
3236
3185
3014
461
1825
3003
3313
2766
2061
3561
3761
3154
645
3116
1307
2440
3131
