1.2022e+08
9.4301e+06
1.7254e+07
1.495e+06
2.006e+05
3.9802e+07
2.1421e+07
1.0383e+05
1.2372e+07
35753
33136
6.3408e+07
6.7078e+05
1.0598e+05
1.8857e+07
31064
1.6638e+07
1.5684e+07
3.155e+07
1.3285e+06
5.8399e+07
1.2725e+07
2.2911e+07
3.3849e+07
2.3924e+07
1.7825e+07
3.6061e+07
19530
6.226e+06
8.8256e+06
1.2566e+07
2.3219e+05
33024
8.4484e+06
2.5203e+05
6.8628e+06
91311
8.8102e+06
35943
34808
1.4817e+07
4.1944e+07
2.2814e+05
41093
1.4518e+07
7.7503e+06
4.5284e+07
6.5013e+07
1.3267e+08
5.5703e+06
5.2778e+05
5.0943e+05
11476
1.6399e+07
2.0855e+07
2.1089e+07
1.6575e+07
2823
1.8123e+07
5.3302e+06
1.1403e+06
1.4021e+07
80726
3.1928e+07
9.7402e+06
1.4603e+07
1.2011e+07
4.765e+07
3.372e+05
9.5299e+06
44567
7.085e+06
1.157e+05
6.775e+06
1.3161e+06
7.9006e+06
4.2122e+07
2174
2.564e+07
8.0877e+06
2.2534e+07
8.3762e+06
6.3436e+06
47142
8.3369e+05
3.7289e+07
2.509e+07
1.3145e+07
3.8143e+07
7.3352e+07
4.252e+07
1.2107e+07
2.3242e+07
98305
1.2331e+05
7.6474e+06
1.3334e+07
1.6373e+07
78454
8.7361e+06
5.0498e+07
43941
1.4508e+07
2.4653e+07
1.7057e+07
1.1422e+08
2.5732e+07
1.2636e+07
8.7059e+06
1.6578e+05
7.1328e+06
1.3734e+07
2.1798e+07
8.9677e+06
1.2593e+07
1.0149e+07
1.1083e+05
1.4562e+05
63966
3.3503e+06
2.7042e+07
82209
6.8137e+07
1.0723e+07
1.0325e+07
3.6152e+06
2.3082e+07
9.3374e+06
1.025e+07
1.2261e+06
1.8355e+07
18399
1.9732e+07
8.3754e+06
1.1684e+07
5.3446e+06
8.1564e+05
1.8577e+07
1.6027e+07
1.9186e+07
8.36e+06
4.9378e+06
3276
1.2187e+05
3.4542e+07
5.4784e+07
1.2745e+07
2.188e+07
2.6833e+07
1.2986e+05
3.868e+07
2.9159e+07
1.1708e+07
1.0787e+07
3.3181e+07
1.2415e+07
1.3673e+07
2.576e+07
6.2608e+06
1.5676e+07
3.1438e+07
9.5815e+06
4.9283e+07
1.2687e+05
1.948e+07
1.3606e+07
5.8646e+06
7752
5.7891e+05
7.1238e+06
1.1768e+07
6.1713e+05
2.0092e+07
8.8482e+06
3.0124e+07
78859
2.0248e+07
7.2238e+06
5.4159e+07
1.3438e+07
1.5406e+07
4.8553e+06
3.5109e+07
2.8147e+07
1.4429e+07
2.1041e+05
4.0413e+07
5.6465e+07
1.5237e+07
1.5457e+07
5.2908e+06
1.9258e+07
1.0934e+07
8.6586e+06
3.6689e+07
1.3806e+05
1.4367e+07
18560
1.0923e+07
1.526e+07
5.2788e+06
1.9635e+07
47957
3.6524e+07
53616
3.202e+06
6.7712e+07
8.937e+06
2.4752e+07
5.0873e+05
17324
5.4008e+06
1.7352e+07
8.0949e+06
9.6433e+06
3.726e+07
2832
10388
1.1697e+07
2.2082e+07
2.055e+06
1.9971e+07
2087
1.8628e+05
2.6208e+07
1.7418e+05
88068
7.9649e+06
4444
6.8073e+07
3502
2.3476e+06
2.3281e+06
2.2585e+07
9.8658e+06
16860
2.4992e+07
3344
2.5766e+05
3.0468e+07
19902
1.2713e+05
1367
3.1498e+07
1.35e+07
1.7128e+07
2.5557e+07
1.1713e+07
4.2092e+06
1.4206e+06
2.0184e+07
5.5322e+06
84922
6.0557e+06
1.5037e+07
4.3644e+07
1.2611e+07
1.5656e+08
3.0976e+07
1.1521e+07
38862
1.0265e+07
2.3044e+07
2.1605e+07
6.3962e+06
2.135e+07
7.207e+07
2.3112e+07
4.0159e+07
8.213e+06
8.1197e+06
7.5574e+05
5.6033e+07
1.861e+07
5.3679e+05
1.182e+07
4.5561e+05
2.9769e+07
1.4459e+07
1.519e+07
1.4182e+07
2.3438e+05
1.8704e+05
5.2853e+06
1.82e+07
6.4662e+06
2856
2.1607e+07
5.2397e+07
7.482e+06
1.4653e+07
1.9278e+07
2.4401e+07
1.4818e+07
4.1233e+07
1.0034e+05
1.6439e+07
3.9237e+06
1.1646e+05
4.5469e+05
1.8483e+07
27653
1.1951e+07
1.2041e+07
1.8796e+05
5.5851e+07
3.3871e+07
1.2348e+07
1.7865e+07
6.3392e+06
2.9394e+07
2.6253e+07
68760
4.2289e+07
1.3087e+07
4.8762e+06
3.434e+07
9.2826e+05
54864
2.7622e+07
9.9591e+06
6.1853e+06
2.7655e+07
40376
1.2639e+05
7.441e+05
4.6258e+06
7.6199e+06
19336
6.1508e+05
8.3096e+06
4.5706e+06
2.6128e+07
1.7084e+07
8.3928e+07
1.2461e+05
8.7197e+06
3.3696e+07
1.5969e+07
9.8482e+06
2.5903e+07
1.5883e+07
2.4459e+05
1.7154e+07
5.6337e+06
5.606e+07
4.1713e+07
2.6166e+05
1.5903e+06
6.9493e+06
3.4721e+07
4.0740e+05
1.75e+08
2.7336e+07
1.064e+05
1.6415e+07
1.0481e+05
1.8544e+05
91319
1.1719e+08
8.2835e+07
4.8295e+06
48033
2.9495e+07
8.8974e+05
3.0523e+07
5.246e+06
7.95e+07
2.2334e+07
7.0427e+06
4939
5.105e+05
2.2342e+07
36874
2.0919e+07
1.8137e+07
7335
1.9124e+07
7.7446e+06
3.5775e+05
1.4227e+07
9.3489e+06
1.3232e+07
2.643e+05
1.4937e+06
7.0511e+07
1.6134e+05
2.1851e+07
2.0821e+07
2.1417e+07
5.1918e+05
28789
7.3359e+06
2.0454e+07
1.8625e+07
2.4975e+07
6.6739e+07
8.6e+06
2.055e+07
4.1237e+07
5.1753e+06
8.7421e+06
2.27e+07
2.7838e+07
1.5059e+07
2.5062e+07
1.2242e+07
11766
2.65e+07
46435
1.7845e+07
18638
5.4608e+07
1.7005e+07
4.372e+07
5.2724e+06
9.7836e+06
1.2005e+07
3.9328e+07
2.2522e+07
8.8439e+06
1.0886e+07
9134
9.5169e+06
2.4764e+07
16781
4.9034e+07
9.3205e+07
1.0511e+07
1.8185e+07
6.9431e+07
1.7069e+07
2.876e+07
4.8003e+07
5.7071e+07
4.9451e+07
1.5564e+05
1.3319e+07
2.9242e+07
9.7405e+06
8.25e+06
2.1577e+07
1.9924e+06
7.2611e+07
1.4608e+07
4.844e+05
4.552e+06
2.9e+07
9.4321e+07
1.8015e+07
6.5575e+07
1.588e+07
1.2305e+07
1.5679e+07
1.5873e+07
3.2513e+07
1.7275e+07
3.4138e+07
3.7134e+07
3.7513e+07
8.4142e+05
6.3001e+06
4.6591e+07
8.2252e+07
1.09e+07
1.99e+07
4.751e+07
5.6216e+07
1.42e+07
2.7733e+06
1.5862e+07
3.0017e+06
3.1052e+07
3.0621e+07
